w1:1.5117331537181393
w2:-0.633989573239478
w3:-0.930755422237958