w1:2.1042764020154134
w2:-1.8636354848045014
w3:-0.5049713752657609