w1:2.831320304178707
w2:-0.28292014578094715
w3:-2.3221001308936526